[14326.7, 14318.1, 14315.2, 14323.8; 16191.9, 16194.8, 16185.9, 16183.1]
[14277.3, 14286.1, 14265.6, 14256.8; 16196.2, 16209.8, 16223, 16209.4]
[14418, 14402, 14384.8, 14400.8; 16227.9, 16242.2, 16222.9, 16208.6]
[14383, 14382.9, 14382.7, 14382.9; 16099, 16099.2, 16099.1, 16098.9]
[14411, 14410.8, 14410.7, 14410.8; 16127.7, 16127.8, 16127.7, 16127.5]
[14349.1, 14349.3, 14349.5, 14349.3; 16292.9, 16292.7, 16292.8, 16293]
[14285, 14285.3, 14285.3, 14285.1; 16290.6, 16290.5, 16290.8, 16290.8]
[14261, 14261.3, 14261.3, 14261; 16279.1, 16279.1, 16279.3, 16279.3]
[14361.8, 14361.9, 14362.1, 14361.9; 16289, 16288.8, 16288.9, 16289.1]
[14328.7, 14328.9, 14329, 14328.9; 16296.5, 16296.4, 16296.5, 16296.7]
[14309, 14309.3, 14309.4, 14309.2; 16296.8, 16296.6, 16296.8, 16296.9]
[14375.8, 14375.9, 14376.1, 14376; 16283.1, 16282.9, 16283, 16283.2]
[14242.7, 14242.9, 14242.9, 14242.7; 16265.6, 16265.7, 16265.9, 16265.9]
[14228.3, 14228.6, 14228.5, 14228.3; 16251.2, 16251.3, 16251.5, 16251.4]
[14213.5, 14213.7, 14213.6, 14213.4; 16229.3, 16229.5, 16229.6, 16229.5]
[14355.4, 14355.8, 14355.8, 14355.4; 16296.9, 16296.9, 16297.2, 16297.2]
[14337.9, 14338.2, 14338.2, 14337.9; 16301, 16301, 16301.3, 16301.3]
[14262.3, 14262.7, 14262.7, 14262.3; 16286.7, 16286.7, 16287, 16287]
[14400, 14400.1, 14400.3, 14400.2; 16271.7, 16271.5, 16271.6, 16271.8]
[14281.4, 14281.8, 14281.8, 14281.4; 16295.6, 16295.6, 16295.9, 16295.9]
[14208.3, 14208.5, 14208.4, 14208.2; 16216.9, 16217.1, 16217.2, 16217.1]
[14248.9, 14249.2, 14249.2, 14248.9; 16278.1, 16278.1, 16278.5, 16278.5]
[14373.9, 14374.3, 14374.3, 14373.9; 16290.2, 16290.2, 16290.5, 16290.5]
[14298.8, 14299.1, 14299.1, 14298.8; 16300.9, 16300.9, 16301.2, 16301.2]
[14314.9, 14315.3, 14315.3, 14314.9; 16302.9, 16302.9, 16303.2, 16303.2]
[14234.1, 14234.5, 14234.5, 14234.1; 16265.8, 16265.8, 16266.2, 16266.2]
[14203.9, 14204.1, 14204, 14203.8; 16202.1, 16202.3, 16202.5, 16202.3]
[14223.6, 14223.9, 14223.9, 14223.6; 16254.7, 16254.7, 16255.1, 16255.1]
[14390.6, 14390.9, 14390.9, 14390.6; 16282.7, 16282.7, 16283.1, 16283.1]
[14354.9, 14354.7, 14354.6, 14354.7; 16070.2, 16070.4, 16070.2, 16070]
[14211, 14211.4, 14211.4, 14211; 16237.3, 16237.3, 16237.6, 16237.6]
[14438.7, 14438.5, 14438.4, 14438.5; 16156.1, 16156.2, 16156.1, 16155.9]
[14352.5, 14352.7, 14352.9, 14352.7; 16304.3, 16304.1, 16304.2, 16304.4]
[14281.5, 14281.7, 14281.8, 14281.6; 16302, 16301.9, 16302.1, 16302.2]
[14416.8, 14416.9, 14417.1, 14417; 16262.4, 16262.2, 16262.3, 16262.5]
[14254.5, 14254.7, 14254.7, 14254.5; 16289, 16289, 16289.2, 16289.2]
[14366, 14366.1, 14366.3, 14366.1; 16300.1, 16299.9, 16300, 16300.2]
[14329.6, 14329.8, 14330, 14329.8; 16308.3, 16308.2, 16308.3, 16308.5]
[14403.9, 14404.3, 14404.3, 14403.9; 16276, 16276, 16276.4, 16276.4]
[14202.5, 14202.8, 14202.8, 14202.5; 16218.4, 16218.4, 16218.8, 16218.8]
[14308.6, 14308.8, 14308.9, 14308.7; 16308.6, 16308.5, 16308.7, 16308.8]
[14380.4, 14380.5, 14380.7, 14380.6; 16294.1, 16293.9, 16294, 16294.2]
[14234.1, 14234.4, 14234.4, 14234.1; 16273.9, 16273.9, 16274.1, 16274.1]
[14196.5, 14196.8, 14196.8, 14196.5; 16197.7, 16197.7, 16198.1, 16198.1]
[14218.5, 14218.7, 14218.7, 14218.4; 16257.8, 16257.9, 16258.1, 16258]
[14194.9, 14195.1, 14194.9, 14194.8; 16167.9, 16168.1, 16168.3, 16168.1]
[14202.7, 14203, 14202.9, 14202.6; 16234.4, 16234.5, 16234.7, 16234.6]
[14405.6, 14405.7, 14405.9, 14405.8; 16282.1, 16281.9, 16282, 16282.2]
[14197, 14197.2, 14197, 14196.8; 16220.3, 16220.5, 16220.7, 16220.5]
[14192.4, 14192.6, 14192.5, 14192.3; 16204.9, 16205, 16205.2, 16205]
[14424.7, 14425, 14425, 14424.7; 16264.5, 16264.5, 16264.9, 16264.9]
[14190.1, 14190.4, 14190.4, 14190.1; 16173.9, 16173.9, 16174.2, 16174.2]
[14422.4, 14422.5, 14422.7, 14422.6; 16272.8, 16272.6, 16272.7, 16272.9]
[14190.9, 14191.1, 14191, 14190.8; 16152.1, 16152.3, 16152.4, 16152.3]
[14183.2, 14183.4, 14183.3, 14183.1; 16170.1, 16170.2, 16170.4, 16170.2]
[14433.9, 14433.7, 14433.6, 14433.7; 16103.4, 16103.5, 16103.4, 16103.2]
[14405.7, 14405.6, 14405.4, 14405.6; 16074.5, 16074.7, 16074.6, 16074.4]
[14443.4, 14443.8, 14443.8, 14443.4; 16253.8, 16253.8, 16254.1, 16254.1]
[14184.5, 14184.8, 14184.8, 14184.5; 16150.9, 16150.9, 16151.3, 16151.3]
[14449.6, 14449.7, 14449.9, 14449.8; 16243.6, 16243.4, 16243.4, 16243.7]
[14188.1, 14185.2, 14193.1, 14196; 16245, 16239.5, 16235.4, 16240.9]
[14197.5, 14193.1, 14199.4, 14203.8; 16261.8, 16257.4, 16251.1, 16255.6]
[14274.9, 14274.5, 14273, 14273.5; 16319.9, 16320.8, 16320.1, 16319.2]
[14180.8, 14178.6, 14186.9, 14189.1; 16230.7, 16224.9, 16221.8, 16227.7]
[14186.8, 14187, 14186.9, 14186.7; 16135.6, 16135.8, 16135.9, 16135.8]
[14326.9, 14326.8, 14326.6, 14326.8; 16041.6, 16041.8, 16041.6, 16041.4]
[14179.3, 14179.5, 14179.3, 14179.1; 16154.5, 16154.7, 16154.8, 16154.7]
[14466.8, 14466.6, 14466.5, 14466.6; 16184.8, 16185, 16184.9, 16184.7]
[14230.3, 14213.5, 14229.6, 14246.4; 16319.1, 16305.7, 16285.5, 16298.9]
[14181, 14181.4, 14181.4, 14181; 16137.1, 16137.1, 16137.4, 16137.4]
[14257.7, 14238.5, 14250.1, 14269.3; 16335.3, 16325.6, 16302.5, 16312.2]
[14461.8, 14461.7, 14461.5, 14461.7; 16132, 16132.2, 16132, 16131.8]
[14455.5, 14455.6, 14455.8, 14455.7; 16253.9, 16253.6, 16253.7, 16253.9]
[14377.8, 14377.6, 14377.5, 14377.6; 16045.9, 16046.1, 16045.9, 16045.8]
[14465.7, 14465.7, 14465.9, 14465.9; 16234.2, 16234, 16234.1, 16234.3]
[14175.3, 14175.4, 14175.3, 14175.1; 16138.1, 16138.3, 16138.4, 16138.3]
[14464, 14464.4, 14464.4, 14464; 16241.8, 16241.8, 16242.1, 16242.1]
[14200, 14200.1, 14193.5, 14193.4; 16093.5, 16096.3, 16096.5, 16093.7]
[14205.1, 14198.9, 14214.9, 14221.1; 16306.6, 16301.2, 16282.8, 16288.2]
[14181.4, 14181.6, 14181.5, 14181.3; 16113.4, 16113.5, 16113.7, 16113.5]
[14471.6, 14471.7, 14471.9, 14471.8; 16244.5, 16244.3, 16244.4, 16244.6]
[14174.6, 14175, 14175, 14174.6; 16111.3, 16111.3, 16111.6, 16111.6]
[14165.3, 14162.7, 14160.3, 14162.9; 16142.1, 16143.2, 16137.1, 16136]
[14480.8, 14481.1, 14481.1, 14480.8; 16232.1, 16232.1, 16232.4, 16232.4]
[14169.8, 14170, 14169.8, 14169.7; 16115.9, 16116, 16116.2, 16116]
[14484.3, 14484.4, 14484.6, 14484.5; 16223.1, 16222.9, 16223, 16223.2]
[14360.6, 14339.3, 14336.5, 14357.9; 16364, 16366.3, 16340.7, 16338.4]
[14151.8, 14151.5, 14153, 14153.3; 16172.7, 16171.7, 16171.2, 16172.2]
[14489.6, 14489.4, 14489.2, 14489.4; 16160.4, 16160.6, 16160.4, 16160.2]
[14137.5, 14170.7, 14182.6, 14149.4; 16236.1, 16222.1, 16250.6, 16264.5]
[14176.7, 14176.9, 14176.7, 14176.5; 16094, 16094.2, 16094.4, 16094.2]
[14349.8, 14349.7, 14349.5, 14349.7; 16017.3, 16017.5, 16017.3, 16017.1]
[14299, 14298.8, 14298.7, 14298.8; 16012.9, 16013.1, 16013, 16012.8]
[14170.7, 14171.1, 14171.1, 14170.7; 16095.5, 16095.5, 16095.8, 16095.8]
[14494.7, 14494.6, 14494.4, 14494.6; 16213.4, 16213.6, 16213.5, 16213.3]
[14490.4, 14490.5, 14490.7, 14490.6; 16233.2, 16233, 16233.1, 16233.3]
[14429.2, 14409.7, 14398.9, 14418.4; 16343.4, 16352.4, 16328.9, 16319.9]
[14313.6, 14304.8, 14304.1, 14313; 16367.4, 16368.1, 16360.3, 16359.6]
[14495.6, 14495.9, 14495.9, 14495.6; 16223.5, 16223.5, 16223.8, 16223.8]
[14198.1, 14198.4, 14196.9, 14196.6; 16055.6, 16056.6, 16057.1, 16056.1]
[14165, 14165.2, 14165.1, 14164.9; 16096.4, 16096.5, 16096.7, 16096.5]
[14200.9, 14188.6, 14178.8, 14191.1; 16309.5, 16322.5, 16313.2, 16300.3]
[14501.8, 14502.1, 14502.1, 14501.8; 16219.8, 16219.8, 16220.2, 16220.2]
[14127.1, 14118.4, 14142, 14150.7; 16220.1, 16200.4, 16190, 16209.6]
[14166.7, 14167, 14167, 14166.7; 16079.1, 16079.1, 16079.4, 16079.4]
[14275.4, 14291.5, 14288.6, 14272.5; 16357.2, 16359.1, 16383.3, 16381.4]
[14170.9, 14171.1, 14171, 14170.8; 16071.2, 16071.4, 16071.6, 16071.4]
[14140.7, 14138.1, 14146.2, 14148.7; 16267.4, 16261.7, 16258.1, 16263.8]
[14134.5, 14132.1, 14140.2, 14142.7; 16255.6, 16249.8, 16246.4, 16252.2]
[14399.5, 14397.5, 14402.1, 14404.1; 16011.1, 16009.1, 16004.5, 16006.4]
[14517.6, 14517.5, 14517.3, 14517.5; 16189.1, 16189.3, 16189.2, 16189]
[14159.3, 14159.5, 14159.3, 14159.1; 16073.5, 16073.6, 16073.8, 16073.6]
[14447.2, 14451, 14452.9, 14449.1; 16335.1, 16332.5, 16335.2, 16337.8]
[14321.9, 14321.7, 14321.6, 14321.7; 15988.7, 15988.8, 15988.7, 15988.5]
[14478.4, 14486.3, 14475.3, 14467.4; 16298.9, 16306.5, 16317.9, 16310.3]
[14173.9, 14178.4, 14184.5, 14180; 16324, 16319.8, 16326.2, 16330.5]
[14448.5, 14452.3, 14454.7, 14450.9; 16337.2, 16334.8, 16338.7, 16341.1]
[14157.4, 14152.9, 14158, 14162.5; 16309.7, 16304.8, 16300.2, 16305.1]
[14523.9, 14523.9, 14523.7, 14523.7; 16192.6, 16192.8, 16192.8, 16192.6]
[14145.3, 14149, 14141.9, 14138.2; 16281.3, 16286.3, 16291.5, 16286.5]
[14456.4, 14452.6, 14450.8, 14454.7; 16341.2, 16343.7, 16341, 16338.5]
[14130.1, 14131.6, 14123, 14121.5; 16245, 16251.1, 16253.2, 16247.2]
[14133.8, 14135.9, 14127.5, 14125.4; 16257.2, 16263.1, 16266.1, 16260.2]
[14138.4, 14141.5, 14133.8, 14130.7; 16269.7, 16275.1, 16279.5, 16274.1]
[14161.2, 14161.6, 14161.6, 14161.2; 16055.8, 16055.8, 16056.2, 16056.2]
[14166, 14166.2, 14166.1, 14165.9; 16049.9, 16050, 16050.2, 16050]
[14271.1, 14270.9, 14270.7, 14270.9; 15984.3, 15984.5, 15984.4, 15984.2]
[14480.8, 14480.6, 14480.4, 14480.6; 16052.4, 16052.6, 16052.4, 16052.3]
[14452.8, 14452.7, 14452.5, 14452.7; 16023.8, 16024, 16023.8, 16023.6]
[14522.7, 14522.5, 14522.3, 14522.5; 16242.1, 16242.2, 16242.1, 16241.9]
[14530.7, 14531, 14531, 14530.7; 16202.9, 16202.9, 16203.2, 16203.2]
[14154.4, 14154.6, 14154.4, 14154.2; 16052.1, 16052.2, 16052.4, 16052.2]
[14508.7, 14508.5, 14508.4, 14508.5; 16081, 16081.2, 16081.1, 16080.9]
[14536.5, 14536.5, 14536.3, 14536.3; 16189.6, 16189.8, 16189.8, 16189.6]
[14424.9, 14424.7, 14424.5, 14424.7; 15995.2, 15995.4, 15995.2, 15995]
[14157.5, 14157.9, 14157.9, 14157.5; 16039.4, 16039.4, 16039.8, 16039.8]
[14487.3, 14461, 14479.6, 14505.9; 16353, 16324.6, 16307.4, 16335.8]
[14459.4, 14467.5, 14472, 14463.9; 16352.6, 16348.4, 16357.2, 16361.4]
[14545, 14545.4, 14545.4, 14545; 16194.8, 16194.8, 16195.1, 16195.1]
[14101, 14098.8, 14100.1, 14102.2; 16242.3, 16232.3, 16232.1, 16242]
[14098.8, 14096.7, 14097.9, 14100.1; 16232.5, 16222.6, 16222.3, 16232.2]
[14128.6, 14122.8, 14123.8, 14129.7; 16306, 16297.7, 16297, 16305.3]
[14545.6, 14545.4, 14545.3, 14545.4; 16217.8, 16218, 16217.8, 16217.6]
[14103, 14100.7, 14102.1, 14104.4; 16252.1, 16242, 16241.6, 16251.7]
[14096.7, 14094.5, 14095.8, 14098; 16222.7, 16212.8, 16212.5, 16222.5]
[14548.3, 14548.3, 14548.1, 14548.1; 16182.7, 16183, 16182.9, 16182.7]
[14122.8, 14117.3, 14118.4, 14123.9; 16297.8, 16289.2, 16288.5, 16297.1]
[14105.2, 14103.1, 14104.3, 14106.5; 16261.8, 16251.9, 16251.6, 16261.5]
[14294, 14293.8, 14293.6, 14293.8; 15960, 15960.2, 15960.1, 15959.9]
[14160.4, 14160.6, 14160.5, 14160.3; 16024, 16024.2, 16024.4, 16024.2]
[14117.4, 14112.3, 14113.4, 14118.5; 16289.3, 16280.5, 16279.9, 16288.7]
[14094.4, 14092.2, 14093.6, 14095.8; 16212.9, 16202.8, 16202.5, 16212.6]
[14108, 14105.2, 14106.5, 14109.2; 16271.5, 16261.7, 16261.3, 16271.1]
[14139.4, 14141, 14135.5, 14134; 16319.1, 16321.4, 16325.1, 16322.8]
[14536.6, 14536.5, 14536.3, 14536.5; 16109.6, 16109.8, 16109.7, 16109.5]
[14112.2, 14107.7, 14109, 14113.5; 16280.6, 16271.3, 16270.7, 16280]
[14092.4, 14090.3, 14091.5, 14093.7; 16203.2, 16193.3, 16193, 16202.9]
[14123.5, 14128.5, 14129.6, 14124.6; 16314.5, 16305.6, 16306.3, 16315.1]
[14090.2, 14087.9, 14089.3, 14091.6; 16193.5, 16183.4, 16183, 16193.1]
[14549.8, 14549.8, 14549.6, 14549.6; 16220.2, 16220.5, 16220.4, 16220.2]
[14552, 14552, 14551.7, 14551.8; 16206.8, 16207, 16207, 16206.8]
[14396.9, 14396.8, 14396.6, 14396.8; 15966.5, 15966.7, 15966.6, 15966.4]
[14088.2, 14086, 14087.3, 14089.4; 16183.6, 16173.7, 16173.4, 16183.4]
[14148.8, 14149, 14148.8, 14148.6; 16026.4, 16026.5, 16026.7, 16026.5]
[14086, 14083.9, 14085.1, 14087.3; 16173.9, 16163.9, 16163.7, 16173.6]
[14153, 14153.4, 14153.4, 14153; 16019.2, 16019.2, 16019.6, 16019.6]
[14084.5, 14082.8, 14084.1, 14085.8; 16167, 16157, 16156.7, 16166.8]
[14118.5, 14123.5, 14124.7, 14119.7; 16323.1, 16314, 16314.7, 16323.8]
[14082.8, 14081.1, 14082.3, 14084.1; 16157.1, 16147.1, 16146.9, 16156.9]
[14562.1, 14562.1, 14561.9, 14561.9; 16198.8, 16199, 16199, 16198.8]
[14563.4, 14563.7, 14563.7, 14563.4; 16184.4, 16184.4, 16184.8, 16184.8]
[14563.5, 14563.4, 14563.2, 14563.2; 16173.7, 16173.9, 16173.9, 16173.7]
[14243.1, 14243, 14242.8, 14243; 15955.7, 15955.9, 15955.7, 15955.6]
[14170.9, 14181.6, 14163.3, 14152.6; 16360.3, 16372.5, 16388.5, 16376.4]
[14125.5, 14118.5, 14119.6, 14126.6; 16331.1, 16323.5, 16322.5, 16330.1]
[14196.2, 14196.6, 14203.3, 14203; 16400.5, 16393.9, 16394.3, 16400.9]
[14081.1, 14079.3, 14080.6, 14082.4; 16147.3, 16137.3, 16137, 16147]
[14128.9, 14125.4, 14126.6, 14130.1; 16340.3, 16330.7, 16330.3, 16339.8]
[14550.7, 14550.5, 14550.4, 14550.5; 16270.8, 16270.9, 16270.8, 16270.6]
[14156, 14156.2, 14156, 14155.9; 16004.6, 16004.8, 16005, 16004.8]
[14079.4, 14077.6, 14078.9, 14080.7; 16137.4, 16127.4, 16127.2, 16137.2]
[14564.6, 14564.4, 14564.3, 14564.4; 16138.3, 16138.4, 16138.3, 16138.1]
[14130.7, 14128.6, 14130, 14132.1; 16349.9, 16339.8, 16339.5, 16349.6]
[14460.9, 14461.3, 14442.8, 14442.4; 16393.9, 16405.6, 16406.3, 16394.6]
[14144.4, 14144.5, 14144.4, 14144.2; 16006.9, 16007.1, 16007.3, 16007.1]
[14077.7, 14075.9, 14077.2, 14078.9; 16127.6, 16117.6, 16117.3, 16127.3]
[14512.2, 14512.1, 14511.9, 14512.1; 16021.7, 16021.9, 16021.7, 16021.5]
[14368.5, 14368.4, 14368.2, 14368.4; 15938.4, 15938.6, 15938.4, 15938.3]
[14484.3, 14484.1, 14484, 14484.1; 15993, 15993.2, 15993.1, 15992.9]
[14131.8, 14130.6, 14132, 14133.2; 16359.9, 16349.6, 16349.4, 16359.7]
[14573.8, 14573.8, 14573.6, 14573.6; 16166.7, 16167, 16167, 16166.7]
[14573.8, 14573.8, 14573.6, 14573.6; 16153.9, 16154.2, 16154.2, 16153.9]
[14576.2, 14576.2, 14576, 14576; 16190.9, 16191.1, 16191.1, 16190.8]
[14315.1, 14312.3, 14312.3, 14315.1; 16444.9, 16444.9, 16438.3, 16438.3]
[14076, 14074.2, 14075.5, 14077.2; 16117.7, 16107.7, 16107.5, 16117.5]
[14327.6, 14328.3, 14329.2, 14328.5; 15929.2, 15928.5, 15929.4, 15930.1]
[14540.2, 14540, 14539.9, 14540; 16050.3, 16050.5, 16050.3, 16050.1]
[14187.6, 14177.5, 14177.6, 14187.7; 16405.6, 16404.5, 16403.2, 16404.3]
[14498.1, 14498.9, 14489.1, 14488.2; 16374.3, 16383.4, 16384.3, 16375.2]
[14573.5, 14573.4, 14573.2, 14573.4; 16246.4, 16246.6, 16246.4, 16246.2]
[14456.3, 14456.2, 14456, 14456.2; 15964.4, 15964.6, 15964.5, 15964.3]
[14147.5, 14147.9, 14147.9, 14147.5; 15992.1, 15992.1, 15992.5, 15992.5]
[14130.9, 14132, 14133.3, 14132.2; 16369.8, 16359.7, 16359.8, 16369.9]
[14581.1, 14581.4, 14581.4, 14581.1; 16174.4, 16174.4, 16174.8, 16174.8]
[14265.9, 14265.8, 14265.6, 14265.8; 15931.3, 15931.5, 15931.4, 15931.2]
[14074.2, 14072.5, 14073.8, 14075.5; 16107.8, 16097.8, 16097.6, 16107.6]
[14331.6, 14332.3, 14333.2, 14332.5; 15925.3, 15924.6, 15925.5, 15926.2]
[14474.6, 14465.5, 14464.9, 14474; 16407.5, 16408, 16398.2, 16397.6]
[14152.3, 14152.4, 14152.3, 14152.1; 15983.8, 15983.9, 15984.1, 15983.9]
[14177.7, 14167.4, 14167.5, 14177.8; 16404.7, 16403.7, 16402.3, 16403.2]
[14335.7, 14336.4, 14337.3, 14336.6; 15921.4, 15920.7, 15921.6, 15922.3]
[14072.4, 14070.6, 14072, 14073.8; 16098.1, 16087.9, 16087.6, 16097.8]
[14588.5, 14588.5, 14588.2, 14588.3; 16183.8, 16184, 16184, 16183.7]
[14129.8, 14130.9, 14132.2, 14131.1; 16379.6, 16369.5, 16369.7, 16379.8]
[14167.7, 14157.6, 14157.8, 14167.9; 16403.5, 16402.4, 16401.1, 16402.2]
[14339.6, 14340.4, 14341.2, 14340.5; 15917.7, 15917, 15917.9, 15918.6]
[14568.1, 14568, 14567.8, 14568; 16078.9, 16079.1, 16079, 16078.8]
[14140.6, 14140.8, 14140.6, 14140.4; 15985.7, 15985.9, 15986.1, 15985.9]
[14070.8, 14069.1, 14070.3, 14072.1; 16088.1, 16078.1, 16077.9, 16087.9]
[14592.5, 14592.4, 14592.2, 14592.4; 16166.9, 16167.1, 16166.9, 16166.8]
[14428.4, 14428.2, 14428.1, 14428.2; 15935.8, 15936, 15935.8, 15935.6]
[14593, 14593.4, 14593.4, 14593; 16167.6, 16167.6, 16168, 16168]
[14157.8, 14147.7, 14147.8, 14157.9; 16402.4, 16401.5, 16400.2, 16401.1]
[14224.9, 14219.2, 14220.2, 14225.9; 16446.8, 16438.4, 16437.6, 16446.1]
[14128.7, 14129.8, 14131.1, 14129.9; 16389.6, 16379.5, 16379.6, 16389.7]
[14069.1, 14067.4, 14068.6, 14070.4; 16078.3, 16068.3, 16068, 16078.1]
[14341, 14340.9, 14340.7, 14340.9; 15909.3, 15909.5, 15909.3, 15909.1]
[14147.9, 14137.8, 14137.9, 14148; 16401.5, 16400.6, 16399.3, 16400.2]
[14215.1, 14214.9, 14214.8, 14214.9; 15927, 15927.2, 15927.1, 15926.9]
[14601, 14601, 14600.8, 14600.8; 16183.7, 16183.9, 16183.9, 16183.6]
[14230.5, 14224.8, 14225.9, 14231.6; 16455.2, 16446.8, 16446, 16454.4]
[14143.3, 14143.7, 14143.7, 14143.3; 15967.8, 15967.8, 15968.2, 15968.2]
[14578.6, 14578.4, 14578.2, 14578.4; 16299.3, 16299.5, 16299.3, 16299.2]
[14067.2, 14065.4, 14066.8, 14068.6; 16068.5, 16058.3, 16058, 16068.2]
[14148.5, 14148.7, 14148.6, 14148.4; 15961.5, 15961.6, 15961.8, 15961.6]
[14127.6, 14128.7, 14130, 14128.9; 16399.4, 16389.3, 16389.5, 16399.6]
[14187.1, 14187.9, 14188.7, 14188; 15934.8, 15934.1, 15935, 15935.7]
[14137.9, 14127.8, 14127.9, 14138.1; 16400.6, 16399.6, 16398.3, 16399.3]
[14238.2, 14230.2, 14231.1, 14239.1; 16461.7, 16455.1, 16454, 16460.6]
[14191.2, 14191.9, 14192.8, 14192.1; 15930.9, 15930.2, 15931.1, 15931.8]
[14596.1, 14595.9, 14595.7, 14595.9; 16107.5, 16107.7, 16107.6, 16107.4]
[14195.3, 14196, 14196.9, 14196.2; 15927, 15926.3, 15927.2, 15927.9]
[14065.7, 14063.9, 14065.2, 14066.9; 16058.6, 16048.6, 16048.3, 16058.4]
[14136.8, 14137, 14136.8, 14136.6; 15963.2, 15963.4, 15963.5, 15963.3]
[14199.2, 14200, 14200.8, 14200.1; 15923.3, 15922.6, 15923.5, 15924.2]
[14246, 14238.2, 14239, 14246.8; 16468, 16461.5, 16460.5, 16467]
[14400.5, 14400.3, 14400.1, 14400.3; 15907.2, 15907.4, 15907.2, 15907]
[14253.8, 14246, 14246.8, 14254.6; 16474.5, 16468, 16467, 16473.5]
[14064, 14062.2, 14063.5, 14065.2; 16048.7, 16038.7, 16038.5, 16048.5]
[14601.5, 14601.4, 14601.2, 14601.4; 16275.1, 16275.3, 16275.1, 16274.9]
[14238, 14237.8, 14237.7, 14237.8; 15902.7, 15902.9, 15902.8, 15902.6]
[14339.4, 14329.2, 14329.2, 14339.3; 16483.6, 16484.2, 16482.9, 16482.3]
[14349.4, 14339.2, 14339.2, 14349.3; 16483.1, 16483.7, 16482.4, 16481.8]
[14329.4, 14319.3, 14319.2, 14329.4; 16484.2, 16484.7, 16483.4, 16482.9]
[14261.4, 14253.5, 14254.4, 14262.3; 16481, 16474.4, 16473.3, 16479.9]
[14359.3, 14349.2, 14349.1, 14359.3; 16482.6, 16483.1, 16481.8, 16481.3]
[14319.4, 14309.3, 14309.2, 14319.3; 16484.6, 16485.2, 16483.9, 16483.3]
[14369.3, 14359.2, 14359.1, 14369.2; 16482, 16482.6, 16481.3, 16480.7]
[14452.7, 14468.9, 14468.9, 14452.7; 16438.1, 16438.1, 16462.5, 16462.4]
[14309.5, 14299.1, 14299.1, 14309.4; 16485.3, 16485.8, 16484.4, 16483.9]
[14147.7, 14147.8, 14147.6, 14147.5; 15941.7, 15941.9, 15942.1, 15941.9]
[14620.5, 14620.3, 14620.1, 14620.3; 16195.5, 16195.7, 16195.5, 16195.4]
[14379.3, 14369.1, 14369, 14379.2; 16481.5, 16482.1, 16480.8, 16480.2]
[14062.2, 14060.5, 14061.8, 14063.5; 16038.9, 16028.9, 16028.6, 16038.7]
[14214.9, 14215.3, 14215.3, 14214.9; 15904.7, 15904.7, 15905, 15905]
[14299.5, 14289.3, 14289.3, 14299.4; 16485.7, 16486.3, 16485, 16484.4]
[14389.2, 14378.9, 14378.8, 14389.2; 16481.2, 16481.7, 16480.3, 16479.8]
[14289.5, 14279.4, 14279.3, 14289.4; 16486.3, 16486.9, 16485.6, 16485]
[14327.2, 14326.9, 14326.8, 14327.2; 15883.6, 15883.6, 15883.3, 15883.2]
[14269.2, 14261.4, 14262.3, 14270.1; 16487.4, 16480.9, 16479.9, 16486.4]
[14399.2, 14389, 14389, 14399.1; 16480.6, 16481.1, 16479.8, 16479.3]
[14212.5, 14212.8, 14212.8, 14212.5; 15902.2, 15902.2, 15902.6, 15902.6]
[14328.3, 14328, 14327.9, 14328.3; 15882.5, 15882.5, 15882.2, 15882.1]
[14141.7, 14142.1, 14142.1, 14141.7; 15940.3, 15940.3, 15940.7, 15940.7]
[14279.5, 14269.4, 14269.3, 14279.5; 16486.8, 16487.4, 16486.1, 16485.5]
[14329.5, 14329.1, 14329.1, 14329.4; 15881.4, 15881.4, 15881.1, 15881]
[14196.1, 14196.5, 14196.5, 14196.1; 15907.1, 15907.1, 15907.4, 15907.4]
[14313.1, 14312.9, 14312.8, 14312.9; 15880.7, 15880.9, 15880.7, 15880.5]
[14408.8, 14398.7, 14398.7, 14408.9; 16481, 16480.6, 16479.3, 16479.7]
[14197.6, 14198, 14198, 14197.6; 15905.6, 15905.6, 15906, 15906]
[14135.8, 14136, 14135.8, 14135.6; 15941.6, 15941.8, 15941.9, 15941.7]
[14210.1, 14210.5, 14210.5, 14210.1; 15899.9, 15899.9, 15900.3, 15900.3]
[14624, 14623.8, 14623.7, 14623.8; 16136.2, 16136.3, 16136.2, 16136]
[14060.5, 14058.8, 14060, 14061.8; 16029, 16019, 16018.8, 16028.8]
[14199.5, 14199.9, 14199.9, 14199.5; 15903.7, 15903.7, 15904, 15904]
[14201.5, 14201.8, 14201.8, 14201.5; 15901.9, 15901.9, 15902.2, 15902.2]
[14318, 14318.3, 14318.3, 14318; 15877.6, 15877.6, 15878, 15878]
[14203.3, 14203.7, 14203.7, 14203.3; 15900, 15900, 15900.4, 15900.4]
[14418.8, 14408.7, 14408.9, 14419; 16482.2, 16481, 16479.7, 16481]
[14319.5, 14319.8, 14319.8, 14319.5; 15876.2, 15876.2, 15876.5, 15876.5]
[14207.6, 14208, 14208, 14207.6; 15897.4, 15897.4, 15897.8, 15897.8]
[14150.7, 14150.8, 14150.6, 14150.5; 15926.9, 15927.1, 15927.2, 15926.9]
[14205.3, 14205.7, 14205.7, 14205.3; 15898.1, 15898.1, 15898.4, 15898.4]
[14207.2, 14207.6, 14207.6, 14207.2; 15896.3, 15896.3, 15896.6, 15896.6]
[14321.4, 14321.8, 14321.8, 14321.4; 15874.2, 15874.2, 15874.6, 15874.6]
[14372.5, 14372.4, 14372.2, 14372.4; 15878.6, 15878.7, 15878.6, 15878.4]
[14209.2, 14209.6, 14209.6, 14209.2; 15894.3, 15894.3, 15894.6, 15894.6]
[14211.3, 14211.6, 14211.6, 14211.3; 15892.4, 15892.4, 15892.8, 15892.8]
[14323.4, 14323.7, 14323.7, 14323.4; 15872.4, 15872.4, 15872.8, 15872.8]
[14204.7, 14205.1, 14205.1, 14204.7; 15894.5, 15894.5, 15894.8, 15894.8]
[14058.7, 14056.8, 14058.2, 14060.1; 16019.3, 16009.1, 16008.9, 16019]
[14428.6, 14418.7, 14418.9, 14428.9; 16484.2, 16482.2, 16480.9, 16483]
[14316.2, 14315.8, 14315.8, 14316.1; 15872.1, 15872.2, 15871.8, 15871.8]
[14213.1, 14213.5, 14213.5, 14213.1; 15890.5, 15890.5, 15890.9, 15890.9]
[14317.3, 14317, 14316.9, 14317.3; 15871, 15871.1, 15870.7, 15870.7]
[14325.2, 14325.5, 14325.5, 14325.2; 15870.6, 15870.6, 15870.9, 15870.9]
[14215, 14215.4, 14215.4, 14215; 15888.7, 15888.7, 15889.1, 15889.1]
[14262.7, 14252, 14262.5, 14273.2; 16507.3, 16496.1, 16486, 16497.3]
[14318.4, 14318.1, 14318, 14318.4; 15869.9, 15870, 15869.6, 15869.6]
[14216.9, 14217.3, 14217.3, 14216.9; 15886.8, 15886.8, 15887.2, 15887.2]
[14202.3, 14202.7, 14202.7, 14202.3; 15892.1, 15892.1, 15892.5, 15892.5]
[14145.7, 14146.1, 14146.1, 14145.7; 15921.8, 15921.8, 15922.2, 15922.2]
[14327.2, 14327.6, 14327.6, 14327.2; 15868.6, 15868.6, 15869, 15869]
[14187.2, 14187, 14186.8, 14187; 15898.4, 15898.6, 15898.4, 15898.2]
[14218.7, 14219, 14219, 14218.7; 15885.2, 15885.2, 15885.6, 15885.6]
[14220.9, 14220.9, 14220.7, 14220.7; 15884.1, 15884.3, 15884.3, 15884.1]
[14344.1, 14343.7, 14343.7, 14344; 15868.5, 15868.6, 15868.2, 15868.2]
[14606.5, 14606.3, 14606.2, 14606.3; 16327.9, 16328.1, 16328, 16327.8]
[14139.2, 14139.3, 14139.1, 14139; 15923.7, 15923.9, 15924, 15923.8]
[14157.3, 14157.3, 14157.1, 14157; 15912, 15912.3, 15912.3, 15912.1]
[14329.1, 14329.4, 14329.4, 14329.1; 15866.8, 15866.8, 15867.2, 15867.2]
[14438.3, 14428.4, 14428.7, 14438.6; 16486.7, 16484.2, 16482.9, 16485.4]
[14345.2, 14344.9, 14344.8, 14345.2; 15867.4, 15867.5, 15867.1, 15867.1]
[14132.9, 14130.8, 14107.3, 14109.4; 16434, 16441.9, 16435.4, 16427.5]
[14199.7, 14200.1, 14200.1, 14199.7; 15889.4, 15889.4, 15889.7, 15889.7]
[14057.1, 14055.3, 14056.6, 14058.4; 16009.3, 15999.3, 15999.1, 16009.1]
[14346.3, 14346, 14345.9, 14346.3; 15866.3, 15866.4, 15866, 15866]
[14331.1, 14331.5, 14331.5, 14331.1; 15864.8, 15864.8, 15865.2, 15865.2]
[14197.6, 14197.9, 14197.9, 14197.6; 15887.6, 15887.6, 15888, 15888]
[14333.1, 14333.5, 14333.5, 14333.1; 15863, 15863, 15863.3, 15863.3]
[14306.6, 14306.2, 14306.1, 14306.5; 15862.3, 15862.3, 15862, 15861.9]
[14165.4, 14165.4, 14165.2, 14165.2; 15900.8, 15901, 15901, 15900.8]
[14335, 14335.4, 14335.4, 14335; 15861.1, 15861.1, 15861.5, 15861.5]
[14447.9, 14438.1, 14438.4, 14448.3; 16489.1, 16486.6, 16485.4, 16487.8]
[14195, 14195.4, 14195.4, 14195; 15885.9, 15885.9, 15886.3, 15886.3]
[14307.7, 14307.3, 14307.3, 14307.6; 15861.2, 15861.2, 15860.9, 15860.8]
[14308.8, 14308.5, 14308.4, 14308.8; 15860.1, 15860.1, 15859.8, 15859.7]
[14098, 14100.4, 14110, 14107.5; 16433.3, 16424.5, 16427.2, 16435.9]
[14155, 14155.4, 14155.4, 14155; 15904.2, 15904.2, 15904.6, 15904.6]
[14336.9, 14337.3, 14337.3, 14336.9; 15859.3, 15859.3, 15859.6, 15859.6]
[14174.7, 14174.7, 14174.5, 14174.5; 15893.2, 15893.5, 15893.5, 15893.2]
[14192.1, 14192.4, 14192.4, 14192.1; 15884.5, 15884.5, 15884.9, 15884.9]
[14055.4, 14053.6, 14054.9, 14056.6; 15999.5, 15989.5, 15989.2, 15999.2]
[14222.7, 14222.7, 14222.5, 14222.5; 15872.3, 15872.6, 15872.6, 15872.3]
[14338.8, 14339.2, 14339.2, 14338.8; 15857.4, 15857.4, 15857.8, 15857.8]
[14332.9, 14332.6, 14332.5, 14332.9; 15857.2, 15857.2, 15856.9, 15856.8]
[14542.5, 14520.3, 14516, 14538.3; 16445.2, 16451.6, 16436.8, 16430.4]
[14648.4, 14648.2, 14648.1, 14648.3; 16224.1, 16224.3, 16224.2, 16224]
[14147, 14147, 14146.8, 14146.8; 15906.1, 15906.3, 15906.3, 15906.1]
[14629.4, 14629.2, 14629.1, 14629.3; 16303.6, 16303.8, 16303.7, 16303.5]
[14188.2, 14188.6, 14188.6, 14188.2; 15883.4, 15883.4, 15883.7, 15883.7]
[14334.1, 14333.7, 14333.7, 14334; 15856.1, 15856.1, 15855.8, 15855.7]
[14340.5, 14340.9, 14340.9, 14340.5; 15855.8, 15855.8, 15856.2, 15856.2]
[14458.9, 14458.2, 14451.8, 14452.5; 16487.7, 16490.4, 16488.7, 16486]
[14457.6, 14447.8, 14448.1, 14458; 16491.5, 16489, 16487.8, 16490.3]
[14652, 14651.8, 14651.6, 14651.8; 16164.8, 16165, 16164.8, 16164.6]
[14335.2, 14334.9, 14334.8, 14335.2; 15855, 15855, 15854.7, 15854.6]
[14185, 14185.3, 14185.3, 14185; 15882.9, 15882.9, 15883.3, 15883.3]
[14181.5, 14181.9, 14181.9, 14181.5; 15883, 15883, 15883.3, 15883.3]
[14178.6, 14179, 14179, 14178.6; 15883.4, 15883.4, 15883.8, 15883.8]
[14168.5, 14168.9, 14168.9, 14168.5; 15888.4, 15888.4, 15888.7, 15888.7]
[14232, 14232, 14231.8, 14231.8; 15863.7, 15863.9, 15863.9, 15863.7]
[14297, 14296.7, 14296.6, 14297; 15852.6, 15852.6, 15852.3, 15852.2]
[14175.7, 14176.1, 14176.1, 14175.7; 15884.3, 15884.3, 15884.6, 15884.6]
[14172.7, 14173.1, 14173.1, 14172.7; 15885.6, 15885.6, 15886, 15886]
[14053.7, 14051.9, 14053.2, 14054.9; 15989.6, 15979.6, 15979.4, 15989.4]
[14298.2, 14297.8, 14297.8, 14298.1; 15851.5, 15851.5, 15851.2, 15851.1]
[14285.2, 14285, 14284.8, 14285; 15852, 15852.2, 15852.1, 15851.9]
[14156.5, 14156.5, 14156.2, 14156.3; 15893, 15893.2, 15893.2, 15893]
[14467.7, 14457.4, 14457.4, 14467.7; 16491.9, 16491.6, 16490.2, 16490.4]
[14299.3, 14298.9, 14298.9, 14299.3; 15850.4, 15850.4, 15850.1, 15850]
[14313, 14313.4, 14313.4, 14313; 15849.4, 15849.4, 15849.7, 15849.7]
[14344.6, 14344.4, 14344.2, 14344.4; 15849.9, 15850.1, 15850, 15849.8]
[14177.8, 14178.2, 14178.2, 14177.8; 15878.7, 15878.7, 15879, 15879]
[14246.3, 14246.3, 14246, 14246.1; 15855.3, 15855.5, 15855.5, 15855.3]
[14323.3, 14322.9, 14322.8, 14323.2; 15847.1, 15847.2, 15846.8, 15846.8]
[14310, 14310.3, 14310.3, 14310; 15846.4, 15846.4, 15846.7, 15846.7]
[14192.2, 14192.6, 14192.6, 14192.2; 15871.2, 15871.2, 15871.6, 15871.6]
[14324.4, 14324, 14324, 14324.3; 15846, 15846.1, 15845.7, 15845.7]
[14477.7, 14467.5, 14467.6, 14477.7; 16492, 16491.7, 16490.4, 16490.7]
[14325.5, 14325.2, 14325.1, 14325.5; 15844.9, 15845, 15844.6, 15844.6]
[14273.8, 14273.8, 14273.6, 14273.6; 15847.7, 15848, 15848, 15847.7]
[14207.5, 14207.8, 14207.8, 14207.5; 15863.6, 15863.6, 15864, 15864]
[14051.9, 14050.2, 14051.5, 14053.2; 15979.8, 15969.7, 15969.5, 15979.5]
[14307.1, 14307.5, 14307.5, 14307.1; 15843.5, 15843.5, 15843.8, 15843.8]
[14261.7, 14261.7, 14261.5, 14261.5; 15848, 15848.3, 15848.3, 15848]
[14164.4, 14164.4, 14164.2, 14164.2; 15879.8, 15880, 15880, 15879.8]
[14287.6, 14287.3, 14287.3, 14287.6; 15843.1, 15843.1, 15842.8, 15842.8]
[14288.8, 14288.4, 14288.4, 14288.8; 15842, 15842, 15841.7, 15841.7]
[14231.4, 14231.7, 14231.7, 14231.4; 15851.8, 15851.8, 15852.1, 15852.1]
[14069, 14069.3, 14067.8, 14067.5; 15948.9, 15949.8, 15950.3, 15949.3]
[14303.9, 14304.2, 14304.2, 14303.9; 15840.2, 15840.2, 15840.6, 15840.6]
[14487.3, 14477.4, 14477.6, 14487.6; 16494.2, 16491.9, 16490.7, 16492.9]
[14289.9, 14289.5, 14289.5, 14289.9; 15840.9, 15840.9, 15840.6, 15840.6]
[14301, 14301.4, 14301.4, 14301; 15837.4, 15837.4, 15837.8, 15837.8]
[14313.4, 14313, 14313, 14313.3; 15837.1, 15837.2, 15836.8, 15836.7]
[14050.2, 14048.5, 14049.8, 14051.5; 15969.9, 15959.9, 15959.7, 15969.7]
[14314.5, 14314.2, 14314.1, 14314.5; 15836, 15836, 15835.7, 15835.6]
[14315.7, 14315.3, 14315.2, 14315.6; 15834.9, 15835, 15834.6, 15834.5]
[14253.5, 14253.8, 14253.8, 14253.5; 15840.7, 15840.7, 15841.1, 15841.1]
[14194.5, 14194.5, 14194.3, 14194.3; 15857.6, 15857.8, 15857.8, 15857.6]
[14298.2, 14298.6, 14298.6, 14298.2; 15834.6, 15834.6, 15834.9, 15834.9]
[14497, 14487.1, 14487.4, 14497.3; 16496.4, 16494.2, 16492.9, 16495.1]
[14206.9, 14206.9, 14206.7, 14206.7; 15851.6, 15851.8, 15851.8, 15851.5]
[14279.6, 14279.2, 14279.2, 14279.6; 15834.9, 15834.9, 15834.5, 15834.6]
[14295, 14295.3, 14295.3, 14295; 15832.2, 15832.2, 15832.6, 15832.6]
[14280.7, 14280.4, 14280.4, 14280.7; 15833.8, 15833.8, 15833.4, 15833.4]
[14281.9, 14281.5, 14281.5, 14281.9; 15832.7, 15832.7, 15832.3, 15832.4]
[14219.6, 14219.6, 14219.4, 14219.4; 15844.9, 15845.1, 15845.1, 15844.9]
[14291.7, 14292, 14292, 14291.7; 15830.5, 15830.5, 15830.9, 15830.9]
[14634.5, 14634.3, 14634.1, 14634.3; 16356.5, 16356.7, 16356.6, 16356.4]
[14271.2, 14271.6, 14271.6, 14271.2; 15832, 15832, 15832.4, 15832.4]
[14048.5, 14046.8, 14048, 14049.8; 15960, 15950, 15949.8, 15959.8]
[14287.8, 14288.1, 14288.1, 14287.8; 15829.3, 15829.3, 15829.7, 15829.7]
[14274.3, 14274.7, 14274.7, 14274.3; 15830.5, 15830.5, 15830.8, 15830.8]
[14679.9, 14679.7, 14679.6, 14679.7; 16193.4, 16193.6, 16193.4, 16193.3]
[14284.3, 14284.7, 14284.7, 14284.3; 15828.8, 15828.8, 15829.2, 15829.2]
[14277.6, 14278, 14278, 14277.6; 15829.4, 15829.4, 15829.8, 15829.8]
[14281, 14281.4, 14281.4, 14281; 15828.9, 15828.9, 15829.2, 15829.2]
[14234.9, 14234.9, 14234.7, 14234.7; 15837.1, 15837.4, 15837.4, 15837.1]
[14303.8, 14303.4, 14303.4, 14303.7; 15827.2, 15827.3, 15826.9, 15826.9]
[14506.6, 14496.5, 14496.9, 14506.9; 16498.8, 16496.5, 16495, 16497.4]
[14304.9, 14304.5, 14304.5, 14304.8; 15826.1, 15826.2, 15825.8, 15825.7]
[14167.5, 14167.2, 14167.4, 14167.7; 15859.9, 15859.6, 15859.4, 15859.7]
[14676.4, 14676.2, 14676, 14676.2; 16252.8, 16252.9, 16252.8, 16252.6]
[14306, 14305.7, 14305.6, 14306; 15825, 15825.1, 15824.7, 15824.7]
[14171.5, 14171.1, 14171.4, 14171.7; 15856, 15855.7, 15855.4, 15855.8]
[14248.8, 14248.8, 14248.6, 14248.6; 15830.2, 15830.4, 15830.4, 15830.2]
[14270.9, 14270.6, 14270.6, 14270.9; 15826, 15826, 15825.6, 15825.6]
[14272.1, 14271.7, 14271.7, 14272.1; 15824.9, 15824.9, 15824.5, 15824.5]
[14316.6, 14316.5, 14316.3, 14316.5; 15821.3, 15821.5, 15821.3, 15821.2]
[14046.8, 14045, 14046.3, 14048.1; 15950.2, 15940.2, 15940, 15950]
[14273.2, 14272.8, 14272.8, 14273.2; 15823.8, 15823.8, 15823.4, 15823.4]
[14516.4, 14506.4, 14506.7, 14516.7; 16500.5, 16498.6, 16497.3, 16499.2]
[14657.4, 14657.2, 14657, 14657.2; 16332.3, 16332.4, 16332.3, 16332.1]
[14153.1, 14152.8, 14153, 14153.3; 15860.2, 15859.9, 15859.7, 15860]
[14258.2, 14258.1, 14257.9, 14257.9; 15823.4, 15823.7, 15823.7, 15823.4]
[14295.6, 14295.2, 14295.2, 14295.6; 15819, 15819, 15818.6, 15818.6]
[14296.7, 14296.4, 14296.4, 14296.7; 15817.8, 15817.8, 15817.5, 15817.5]
[14160.5, 14160.1, 14160.4, 14160.7; 15852.8, 15852.5, 15852.2, 15852.5]
[14297.9, 14297.5, 14297.5, 14297.9; 15816.8, 15816.8, 15816.4, 15816.4]
[14179, 14172.7, 14187.3, 14193.6; 16541.2, 16534.2, 16521.1, 16528.2]
[14164.4, 14164.1, 14164.3, 14164.6; 15848.9, 15848.5, 15848.3, 15848.6]
[14161.6, 14153.4, 14169.5, 14177.6; 16536.9, 16528.4, 16513, 16521.5]
[14044.9, 14043.2, 14044.6, 14046.3; 15940.4, 15930.2, 15930, 15940.2]
[14526.2, 14516.2, 14516.5, 14526.5; 16502.4, 16500.5, 16499.2, 16501.1]
[14159.5, 14160, 14159.5, 14158.9; 16522.8, 16523.2, 16523.8, 16523.3]
[14199.9, 14187.2, 14179.9, 14192.7; 16535.6, 16547.1, 16539, 16527.6]
[14171.9, 14171.6, 14171.8, 14172.1; 15840.9, 15840.6, 15840.4, 15840.7]
[14260.8, 14260.5, 14263.2, 14263.6; 15815.7, 15815.4, 15812.7, 15813.1]
[14287.1, 14286.7, 14286.8, 14287.1; 15810.2, 15810.2, 15809.9, 15809.9]
[14288.2, 14287.9, 14287.9, 14288.2; 15809.1, 15809.1, 15808.8, 15808.8]
[14589.1, 14596.2, 14595.3, 14588.1; 15917, 15924.2, 15925.1, 15917.9]
[14582.1, 14589.2, 14588.3, 14581.2; 15909.9, 15917.1, 15918, 15910.8]
[14596.1, 14603.2, 14602.3, 14595.2; 15924.2, 15931.4, 15932.3, 15925.1]
[14289.4, 14289, 14289, 14289.4; 15808, 15808, 15807.7, 15807.7]
[14575.1, 14582.2, 14581.3, 14574.1; 15902.7, 15910, 15910.9, 15903.6]
[14153.4, 14153.1, 14153.4, 14153.7; 15845.7, 15845.3, 15845.1, 15845.4]
[14603.2, 14610.6, 14609.6, 14602.2; 15931.2, 15938.5, 15939.6, 15932.3]
[14536, 14526, 14526.2, 14536.2; 16504.3, 16502.4, 16501.1, 16503]
[14568.1, 14575.4, 14574.4, 14567.1; 15895.5, 15902.8, 15903.8, 15896.5]
[14610.1, 14617.3, 14616.4, 14609.2; 15938.4, 15945.7, 15946.6, 15939.4]
[14043.4, 14041.6, 14042.9, 14044.6; 15930.5, 15920.5, 15920.3, 15930.3]
[14268.1, 14267.8, 14268, 14268.3; 15808.9, 15808.6, 15808.4, 15808.7]
[14561.1, 14568.4, 14567.4, 14560.1; 15888.4, 15895.7, 15896.7, 15889.4]
[14617.1, 14624.3, 14623.4, 14616.2; 15945.5, 15952.8, 15953.7, 15946.4]
[14157.4, 14157.1, 14157.3, 14157.6; 15841.7, 15841.4, 15841.2, 15841.5]
[14269.4, 14269.1, 14269.4, 14269.7; 15807.6, 15807.3, 15807.1, 15807.4]
[14553.9, 14561.1, 14560.1, 14553; 15881.3, 15888.6, 15889.5, 15882.2]
[14624.2, 14631.3, 14630.4, 14623.3; 15952.7, 15959.9, 15960.8, 15953.6]
[14270.7, 14270.4, 14270.7, 14271; 15806.3, 15806, 15805.8, 15806.1]
[14546.9, 14554, 14553.1, 14546; 15874.2, 15881.4, 15882.3, 15875.1]
[14631.2, 14638.4, 14637.5, 14630.3; 15959.8, 15967, 15967.9, 15960.7]
[14272.1, 14271.8, 14272, 14272.3; 15805, 15804.7, 15804.4, 15804.8]
[14253.8, 14253.5, 14256.2, 14256.6; 15808.6, 15808.3, 15805.6, 15805.9]
[14539.9, 14547, 14546.1, 14539; 15867.1, 15874.3, 15875.2, 15868]
[14238.4, 14238.1, 14238.3, 14238.6; 15810, 15809.6, 15809.4, 15809.7]
[14173.1, 14173.7, 14173.4, 14172.8; 16541.5, 16542.1, 16542.4, 16541.7]
[14173.5, 14179, 14173, 14167.6; 16536.3, 16542.2, 16547.6, 16541.7]
[14638.4, 14645.6, 14644.6, 14637.3; 15966.8, 15974.2, 15975.2, 15967.8]
[14239.7, 14239.4, 14239.6, 14239.9; 15808.7, 15808.3, 15808.1, 15808.4]
[14545.7, 14535.8, 14536, 14546; 16506.2, 16504.3, 16503, 16505]
[14532.9, 14540.2, 14539.2, 14531.9; 15859.9, 15867.2, 15868.2, 15860.9]
[14241.1, 14240.7, 14241, 14241.3; 15807.4, 15807, 15806.8, 15807.1]
[14645.3, 14652.4, 14651.5, 14644.4; 15974.1, 15981.3, 15982.2, 15975]
[14242.4, 14242, 14242.3, 14242.6; 15806.1, 15805.7, 15805.5, 15805.8]
[14707.8, 14707.7, 14707.5, 14707.7; 16222, 16222.2, 16222, 16221.9]
[14041.6, 14039.9, 14041.2, 14042.9; 15920.6, 15910.6, 15910.4, 15920.4]
[14146.4, 14146.1, 14146.3, 14146.6; 15838.5, 15838.2, 15838, 15838.3]
[14261.1, 14260.8, 14261, 14261.3; 15801.8, 15801.5, 15801.2, 15801.6]
[14276.8, 14276.5, 14279.2, 14279.5; 15800.6, 15800.3, 15797.6, 15798]
[14525.8, 14532.9, 14532, 14524.9; 15852.8, 15860, 15860.9, 15853.7]
[14652.3, 14659.5, 14658.6, 14651.4; 15981.3, 15988.5, 15989.4, 15982.2]
[14262.4, 14262.1, 14262.3, 14262.6; 15800.5, 15800.2, 15799.9, 15800.3]
[14150.4, 14150.1, 14150.3, 14150.6; 15834.6, 15834.3, 15834.1, 15834.4]
[14263.7, 14263.4, 14263.6, 14264; 15799.2, 15798.9, 15798.6, 15799]
[14518.8, 14525.9, 14525, 14517.8; 15845.6, 15852.8, 15853.8, 15846.5]
[14265, 14264.7, 14265, 14265.3; 15797.9, 15797.5, 15797.3, 15797.6]
[14659.5, 14666.8, 14665.7, 14658.5; 15988.3, 15995.7, 15996.7, 15989.3]
[14246.8, 14246.5, 14249.3, 14249.6; 15801.4, 15801.1, 15798.4, 15798.8]
[14555.5, 14545.6, 14545.8, 14555.8; 16508.1, 16506.2, 16504.9, 16506.8]
[14511.8, 14518.9, 14518, 14510.8; 15838.5, 15845.8, 15846.7, 15839.4]
[14704.3, 14704.1, 14704, 14704.1; 16281.4, 16281.6, 16281.4, 16281.2]
[14662.4, 14662.2, 14662.1, 14662.2; 16385.2, 16385.4, 16385.2, 16385]
[14666.4, 14673.6, 14672.6, 14665.5; 15995.5, 16002.8, 16003.7, 15996.4]
[14133, 14132.7, 14133, 14133.3; 15838.1, 15837.8, 15837.5, 15837.8]
[14039.9, 14038.2, 14039.5, 14041.2; 15910.8, 15900.8, 15900.6, 15910.6]
[14269.8, 14269.5, 14272.2, 14272.5; 15793.5, 15793.2, 15790.5, 15790.8]
[14504.8, 14512.1, 14511.1, 14503.8; 15831.3, 15838.6, 15839.6, 15832.3]
[14254.1, 14253.8, 14254, 14254.3; 15794.7, 15794.3, 15794.1, 15794.4]
[14673.4, 14680.6, 14679.7, 14672.5; 16002.6, 16009.9, 16010.8, 16003.6]
[14255.4, 14255.1, 14255.3, 14255.6; 15793.4, 15793, 15792.8, 15793.1]
[14139.4, 14139.1, 14139.3, 14139.6; 15831.5, 15831.2, 15830.9, 15831.3]
[14256.7, 14256.4, 14256.6, 14256.9; 15792.1, 15791.7, 15791.5, 15791.8]